129605140
129605076
129605044
129604948
129604916
129604884
129604852
129604820
129604788
129604756
129604724
129604692
129604660
129604628
129604564
129604532
129604500
129604468
129604404
129604372
129604308
129604180
129604148
129604084
129604052
129604020
129603924
129603892
129603860
129603828
129603764
129603732
129603700
129603668
129603636
129603604
129603476
129603444
129603412
129603380
129603316
129603284
129603252
129603188
129603124
129603092
129603060
129603028
129602996
129602964
129602932
129602900
129602868
129602804
129602772
129602740
129602708
129602644
129602580
129602548
129602516
129602484
129602452
129602356
129602292
129602260
129602196
129602164
129602132
129602100
129602036
129602004
129601908
129601844
129601780
129601748
129601716
129601684
129601652
129601620
129601588
129601524
129601460
129601428
129601396
129601364
129601332
129601300
129601204
129601172
129601140
129601044
129601012
129600980
129600884
129600852
129600820
129600756
129600724
129600692
